9 8
205 211
20 20
5 5
192 191
15 15
175 174
9 9
42 38
358 355
51 52
12 11
200 203
103 104
13 13
109 112
129 127
123 119
20 19
2 2
123 131
10 10
106 107
90 94
16 16
51 53
18 18
87 85
190 187
8 8
12 12
17 16
9 9
10120 500
101 102
126 129
346 333
129 131
374 373
16 16
302 299
362 353
56 52
22 21
266 269
211 199
26 24
129 136
48 45
46 45
6 6
4 4
21 21
103 104
138 141
289 295
20 20
358 365
12 11
218 215
3089 3107
5 5
12 12
31 31
72 72
218 231
4 4
40 40
272 295
200 190
5 5
13 13
25 25
6 6
22 22
110 110
14 14
8 8
4 4
81 84
5228 500
7 7
2 2
144 148
68 70
3 3
312 321
55 55
52 52
2 2
4 4
2 2
8270 500
102 105
46 47
122 126
30 31
113 119
14 14
197 206
212 220
66 65
202 202
16 14
44 45
104 102
305 306
10393 500
2 2
48 48
5 5
13 13
31 30
6 6
32 33
86 84
128 126
54 54
356 343
23 24
2 2
20095 500
38 38
13 13
39 38
20 19
21 20
5 5
11 11
83 84
33 34
7810 500
3 3
64 64
212 202
4 4
11 11
212 208
209 203
12 12
6 6
392 413
156 159
7 7
57714 500
177 180
9 9
143 139
7 7
9 9
5 5
19 19
32 33
14 14
3 3
12 12
52296 500
50 52
2 2
18 17
39 41
84 86
10 10
203 196
18 18
2 2
7 7
57 57
55453 500
462 479
39 38
2 2
11 11
45 47
421 375
9040 500
4 4
8 8
93 98
4370 500
2 2
5 5
47 47
31 31
52238 500
12 12
70 71
15 15
15520 500
4 4
5 5
19 19
5 5
141 145
6 6
4 4
45126 500
16 16
18 17
2 2
84 85
36234 500
207 196
30 30
26 27
375 384
36 34
2 2
10 10
30 31
117 117
6 6
8 8
5 5
96 100
181 180
177 191
23 22
48 48
7 7
155 155
14 14
10 10
199 199
242 246
14 14
8 8
48 45
176 181
10 10
5 5
16 16
110 108
20 20
15 16
18 18
193 191
2 2
20 20
69 72
153 156
335 325
23 22
210 226
11 11
75 74
25189 500
103 97
242 239
133 140
5 5
2 2
4 4
465 503
303 295
50 50
11114 500
12 12
364 373
20 20
12 12
131 124
7 7
32 33
313 337
76 77
288 283
4 4
9 9
22182 500
8 8
69 71
9 9
463 497
22 22
32 33
16 16
40 41
227 220
17 16
174 188
352 363
13 13
2 2
28522 500
9 8
275 266
13 13
20 20
5 5
244 244
7 7
22224 500
4 4
89 94
6 6
50 50
10 10
93 93
98 104
2 2
2 2
8 8
31002 500
4 4
7 7
15 15
2 2
53 53
66 65
82 84
48 50
8 7
472 508
12101 500
16 16
36 36
23 24
107 112
69 70
26 27
4 4
364 380
24 24
490 511
117 112
13 13
83 86
10601 500
9 9
140 145
30 29
124 126
2 2
6 6
66 64
25 25
7 7
10 10
20 20
8822 500
2 2
2 2
202 196
3 3
4 4
52 54
11 10
2 2
175 178
45 45
21 21
38 38
24 25
24 25
2 2
5 5
29 29
165 168
237 233
9 9
41 42
29 29
17 16
11 11
107 108
7 7
70 72
8 8
6 6
10 10
112 110
228 226
8 8
15 15
50 50
2 2
115 109
28 28
5 5
2 2
2 2
8 8
7 7
127 132
6 6
464 436
65 64
12 12
41 41
14 14
6 6
16 16
4 4
285 283
461 476
46 46
20 20
2 2
4 4
39 38
97 94
9 9
13 13
28 28
22 22
2 2
270 255
131 133
37 38
9 9
11 11
20 20
2 2
20 19
45 47
2 2
11 11
22 22
180 177
4 4
57 56
144 141
151 156
39 38
240 242
32 31
8 8
2 2
20 19
327 339
48 50
10 10
14 14
104 102
25 26
212 209
15 15
124 129
390 378
6 6
354 345
35 35
132 137
18 18
62 62
8 8
4 4
16 17
2 2
134 129
105 105
34 33
10 10
35 34
67 63
32 31
4 4
4 4
20 20
195 200
2 2
413 429
4 4
12 12
20 20
20 20
8 8
8 7
4 4
82 82
147 144
2 2
24 24
145 137
101 102
12 12
4 4
13 13
31 32
8 8
9 9
13 13
8 8
100 100
176 178
27 27
174 183
4 4
6 6
59 59
14 13
123 119
9 9
17 16
96 96
11 11
21 20
12 12
22 22
488 519
55 56
3 3
14 14
193 211
67 66
10 10
26 27
148 143
23 22
126 132
24 24
407 406
4 4
73 73
20 19
268 274
42 42
111 113
19 18
8 8
30 29
22 21
70 68
2 2
20 20
18 18
22 22
54 55
390 393
2 2
9 9
2 2
8 8
4 4
18 18
73 74
6 6
20 20
2 2
6 6
130 131
9 9
2 2
19 19
12 12
337 329
13 13
78 81
14 14
37 38
2 2
4 4
36 36
82 86
10 10
56 53
6 6
17 17
13 13
15 15
13 13
5 5
20 20
92 92
4 4
16 16
169 166
36 36
14 14
4 4
7 7
55 54
14 14
3 3
154 159
10 10
232 254
6 6
157 152
79 75
6 6
2 2
2 2
223 241
3 3
20 20
21 21
5 5
332 333
8 8
14 14
15 15
164 157
54 54
303 293
12 12
17 17
283 279
20 20
2 2
7 7
20 20
4 4
81 78
4 4
144 145
6 6
4 4
4 4
115 109
22 21
30 29
21 21
197 191
3 3
16 16
37 37
8 8
122 115
2 2
5 5
172 175
108 110
24 24
3 3
419 420
10 10
256 266
2 2
45 44
4 4
2 2
4 4
112 112
4 4
14 14
256 269
87 87
10 10
5 5
4 4
110 113
255 246
116 123
432 429
33 33
4 4
2 2
20 20
45 46
22 20
4 4
8 8
27 27
10 9
177 174
15 15
34 33
376 359
6 6
20 20
8 8
23 22
179 178
25 25
215 231
9 9
68 71
12 12
27 27
12 12
4 4
30 30
49 50
11 10
4 4
20 19
48 46
8 8
23 24
23 24
6 6
43 45
4 4
261 269
45 45
227 218
28 28
15 14
2 2
120 119
39 37
6 6
2 2
150 148
29 29
6 6
107 110
8 8
17 17
25 26
2 2
4 4
16 15
257 269
21 21
11 11
175 180
108 107
286 288
2 2
2 2
14 13
2 2
12 12
20 20
108 112
24 22
4 4
12 11
32 33
151 147
61 61
19 19
23 24
42 40
2 2
348 351
2 2
17 17
105 107
17 16
197 193
7 7
18 18
66 65
45 47
9 9
19 19
4 4
90 90
22 22
16 15
4 4
12 12
11 10
11 11
23 24
2 2
218 209
5 5
11 11
25 27
5 5
13 13
160 155
20 20
111 103
20 20
16 16
6 6
5 5
4 4
9 9
2 2
12 12
18 18
8 8
20 20
24 24
4 4
2 2
445 436
33 34
17 17
8 8
7 7
204 208
20 20
116 115
262 266
323 316
27 28
5 5
4 4
39 40
17 17
2 1
9 9
10 10
132 136
128 131
2 2
9 9
238 257
6 6
8 8
129 126
222 225
12 11
8 8
5 5
21 21
123 119
10 10
128 128
228 212
27 28
7 8
8 8
7 7
4 4
113 109
2 2
61 64
17 17
2 2
8 8
8 8
4 4
14 14
134 137
16 16
41 42
6 6
6 6
139 144
10 9
6 6
7 7
33 34
2 2
70 67
253 267
9 9
224 215
4 4
108 108
148 152
441 441
6 6
67 65
104 104
253 267
3 3
57 48
9 9
10 10
14 14
70 72
371 384
27 27
24 25
13 13
10 10
5 5
42 43
14 13
2 2
33 34
12 12
10 10
6 6
20 20
2 2
48 48
11 11
32 32
5 5
8 8
14 13
88 82
26 27
7 7
3 3
22 21
292 299
33 31
2 2
310 325
4 4
17 17
16 16
27 26
177 175
36 34
129 129
14 12
54 54
13 13
15 15
63 64
2 2
4 4
3 3
69 67
27 26
2 2
452 443
12 12
6 6
20 20
319 323
10 9
4 4
9 8
237 234
2 2
219 202
6 6
314 323
32 33
6 6
9 9
45 45
27 26
8 8
283 290
12 12
165 163
352 341
138 143
44 46
20 19
2 2
2 2
11 11
133 137
12 12
26 27
15 15
294 276
61 62
16 16
3 3
57 61
18 19
205 205
4 4
2 2
202 211
18 18
15 15
8 8
24 24
14 14
8 8
402 386
15 15
14 14
126 129
75 75
14 14
20 20
14 14
13 13
71 71
2 2
16 15
4 4
18 16
37 37
5 5
11 11
18 18
16 16
17 16
20 19
20 20
2 2
5 5
67 66
35 35
11 11
27 28
5 5
2 2
16 15
7 7
78 80
6 6
9 9
17 17
78 78
81 82
20 19
37 37
14 14
10 10
292 301
17 17
16 15
40 38
8 8
10 10
45 45
24 25
41 41
15 15
11 10
4 4
4 4
2 2
8 8
4 4
7 7
12 12
38 40
13 12
11 11
6 6
8 8
13 13
186 183
12 12
2 2
234 237
27 26
6 6
4 4
10 10
88 85
11 11
118 120
36 37
28 28
80 74
6 6
4 4
4 4
21 20
23 24
10 10
4 4
457 453
17 17
259 262
24 25
3 3
358 331
8 8
4 4
13 13
5 5
43 42
20 20
26 26
20 19
2 2
4 4
8 8
499 486
18 17
7 7
10 10
34 34
20 20
27 27
13 13
3 3
114 119
29 28
2 2
2 2
7 7
60 63
189 187
16 15
13 12
70 71
336 337
2 2
238 231
36 35
8 7
2 2
13 13
50 48
9 9
10 10
135 141
5 5
110 110
6 6
20 20
20 19
126 124
9 9
365 386
5 5
31 29
400 406
259 247
146 151
4 4
180 184
59 58
283 279
35 33
4 4
39 38
135 131
10 10
16 16
12 12
96 91
4 4
6 6
29 30
10 10
9 9
2 2
15 15
10 10
30 31
122 120
19 19
20 19
6 6
3 3
2 2
6 6
5 5
20 20
16 16
7 7
98 100
4 4
58 56
16 16
110 117
370 380
19 18
14 14
21 21
192 197
19 18
8 8
4 4
356 351
9 9
163 160
2 2
3 3
354 367
8 8
7 7
52 49
275 288
7 7
7 7
13 13
31 32
32 33
16 16
121 117
21 21
290 292
136 137
7 7
26 27
8 8
59 59
123 118
4 4
6 6
27 27
10 10
16 16
9 9
8 8
25 25
10 10
117 122
417 378
16 16
12 12
3 3
2 2
164 159
68 70
100 93
2 2
316 299
6 5
12 12
23 25
9 9
119 118
8 8
38 40
5 5
13 13
10 10
8 8
140 135
3 3
12 12
16 16
13 13
60 59
14 14
4 4
5 5
45 45
2 2
14 14
3 3
49 48
4 4
306 317
142 143
20 19
5 5
106 108
8 8
21 21
15 15
10 10
3 3
21 20
22 22
7 7
20 20
24 22
351 353
141 135
4 4
297 286
6 6
450 456
14 13
9 9
2 2
132 137
10 10
2 2
37 37
3 3
350 347
299 297
2 2
12 12
41 41
116 115
24 24
106 104
14 14
7 7
4 4
2 2
422 399
10 10
83 81
2 2
164 166
2 2
16 16
2 2
4 4
16 15
4 4
2 2
41 42
24 25
4 4
6 6
6 6
212 229
9 9
66 65
9 9
5 5
422 424
27 25
9 9
44 43
110 115
24 24
174 175
6 6
20 20
6 6
438 422
60 62
3 3
2 2
387 371
111 112
28 28
4 4
89 88
8 8
5 5
282 278
9 9
77 78
9 9
9 8
7 7
7 7
12 12
104 104
126 131
37 38
12 11
3 3
9 8
13 13
11 11
3 3
177 183
4 4
4 4
13 13
15 14
162 160
4 4
36 37
36 35
254 257
348 341
3 3
19 19
39 38
320 316
228 239
85 85
57 59
10 10
16 16
12 12
3 2
402 395
8 8
8 8
20 20
13 13
301 304
219 215
199 194
283 271
4 4
27 28
17 17
67 68
6 6
2 2
7 7
10 10
123 114
18 18
8 8
147 159
4 4
9 9
2 2
66 67
10 10
48 48
5 5
8 8
11 11
116 120
26 27
5 5
3 3
6 6
4 4
2 2
7 7
96 100
466 471
12 12
5 5
16 15
43 43
164 166
13 13
2 2
64 63
24 24
22 22
5 5
376 390
438 446
18 18
20 20
5 5
213 217
363 386
41 43
7 7
20 20
207 209
5 5
20 20
20 20
2 2
13 13
2 2
53 55
7 7
10 10
198 191
77 75
19 19
29 30
316 339
205 205
14 14
5 5
20 20
7 7
7 7
51 48
9 9
92 92
107 110
114 107
300 312
10 10
6 6
4 4
44 44
5 5
6 6
7 7
2 2
14 14
66 65
4 4
4 4
116 122
3 3
145 148
227 222
11 11
12 12
174 180
4 4
128 126
28 29
22 22
77 78
2 2
20 20
127 123
12 12
286 283
157 153
11 11
10 9
121 114
9 9
5 5
5 5
15 15
116 127
7 7
463 453
407 420
7 7
33 33
3 3
14 14
4 4
28 27
2 2
11 11
9 9
2 2
2 2
8 8
88 86
10 10
132 132
139 135
9 9
16 16
28 29
20 20
29 28
4 4
16 15
10 9
145 140
13 13
5 5
20 20
94 100
370 373
24 24
194 196
298 299
50 53
21 21
8 8
39 38
16 15
14 14
22 21
2 2
6 6
310 312
6 6
2 2
343 343
104 103
2 2
6 6
42 43
2 2
18 18
23 22
2 2
10 10
11 11
5 5
7 6
7 7
93 93
265 276
28 29
18 18
6 6
7 7
266 260
8 8
2 2
43 44
22 21
124 133
4 4
4 4
27 29
13 13
4 4
250 259
7 6
6 6
2 2
217 209
2 2
20 19
78 81
494 531
136 132
12 12
44 45
48 49
20 19
14 13
32 32
39 40
269 283
3 3
203 206
11 11
16 16
2 2
211 208
318 312
9 9
3 3
2 2
4 4
3 3
4 4
9 9
20 20
6 6
278 279
6 6
149 148
25 24
10 10
147 147
8 8
47 47
16 16
27 28
20 19
15 15
10 10
4 4
2 2
129 132
5 5
7 7
9 9
8 8
4 4
4 4
72 78
7 7
5 5
80 80
25 26
93 91
6 6
4 4
238 239
5 5
17 16
2 2
11 11
5 5
35 35
5 5
70 72
2 2
4 4
11 11
44 45
497 484
2 2
9 9
2 2
2 2
159 156
2 2
408 406
248 262
4 4
87 88
14 14
16 16
7 7
8 8
2 2
9 9
418 408
12 12
5 5
180 180
15 15
4 4
20 20
9 9
2 2
24 25
5 5
5 5
20 19
3 3
13 13
11 10
43 45
10 10
122 120
2 2
2 2
43 43
7 7
12 12
3 3
116 115
6 6
19 19
6 6
8 8
5 5
4 4
15 14
26 27
21 21
9 9
10 10
10 10
27 28
12 12
118 117
4 4
2 2
10 10
9 9
24 25
2 2
20 19
170 170
2 2
26 24
7 7
128 127
179 180
2 2
119 127
20 20
20 20
10 10
15 15
20 20
13 13
172 157
2 2
8 8
4 4
11 11
5 5
369 373
12 12
14 14
20 19
8 8
4 4
372 375
4 4
18 18
45 47
2 2
6 6
28 29
4 4
4 4
11 11
5 5
17 17
11 10
16 16
12 12
7 7
4 4
204 208
22 24
8 8
6 6
5 5
50 49
10 10
3 3
8 8
8 8
8 8
16 16
11 11
110 109
18 18
12 12
66 65
104 105
16 15
131 129
4 4
94 94
2 2
5 5
261 276
10 9
14 15
224 220
3 3
5 5
7 7
13 11
4 4
4 4
48 47
9 9
14 14
16 16
8 8
183 190
4 4
4 4
26 27
163 153
27 27
3 3
33 34
7 7
20 18
3 3
5 5
5 5
5 5
9 9
2 2
10 10
168 175
441 399
6 6
251 259
292 292
5 5
6 6
2 2
20 19
5 5
291 285
167 174
20 20
475 503
7 7
13 13
8 8
3 3
123 119
12 12
4 4
10 10
13 13
134 137
4 4
3 3
17 17
4 4
38 40
17 17
2 2
140 141
2 2
18 18
4 4
6 6
2 2
4 4
10 10
450 439
21 20
4 4
15 14
5 5
11 11
189 200
4 4
9 9
215 220
20 20
2 2
54 55
72 71
84 84
6 6
270 278
24 25
6 6
20 19
7 7
10 10
62 64
2 2
6 6
171 171
2 2
309 312
20 20
9 9
4 4
108 109
2 2
4 4
12 12
20 19
4 4
4 4
4 4
4 4
8 7
2 2
4 4
196 211
12 12
9 9
16 16
35 36
4 4
9 9
20 20
9 9
3 3
4 4
10 10
8 8
144 137
5 5
19 19
124 126
9 8
20 20
10 9
4 4
2 2
356 351
5 5
8 8
39 40
6 6
11 11
117 109
90 97
13 13
19 19
2 2
16 16
18 18
2 2
22 24
100 93
9 9
99 98
359 365
4 4
20 18
8 8
12 12
3 3
6 6
15 15
13 12
56 53
2 2
57 59
7 7
2 2
3 3
352 337
2 2
48 46
2 2
2 2
34 33
97 96
2 2
35 33
6 6
4 4
4 4
6 6
125 122
110 107
10 9
53 54
2 2
12 12
326 333
171 171
206 200
8 7
2 2
219 220
7 7
10 10
329 331
20 20
2 2
5 5
18 18
223 223
6 6
4 4
4 4
4 4
4 4
13 13
5 5
123 127
12 12
189 184
9 7
6 6
8 8
20 19
2 2
4 4
6 6
214 214
7 7
170 171
8 8
6 6
8 8
140 147
10 10
2 2
126 131
10 10
11 11
194 190
2 2
140 131
385 380
10 10
8 8
9 9
142 147
246 249
10 10
20 20
10 9
338 345
241 247
172 178
14 14
12 12
20 19
282 274
7 7
7 7
215 220
104 102
8 8
8 8
266 264
3 3
2 2
2 2
110 112
12 12
30 30
6 6
110 107
3 3
2 2
8 8
9 9
2 2
4 4
4 4
2 2
363 378
20 20
260 266
438 451
20 20
2 2
334 329
82 79
23 24
181 186
6 6
20 19
4 4
2 2
216 217
2 2
126 127
9 9
5 5
21 20
26 27
10 10
2 2
86 82
30 29
20 20
18 18
460 456
9 9
2 2
4 4
108 110
2 2
8 8
42 43
7 7
10 10
27 28
32 32
4 4
56 57
80 81
10 10
12 12
27 28
8 8
49 49
9 9
6 6
9 9
122 127
7 7
280 260
6 6
17 16
2 2
263 271
16 15
293 288
80 84
148 149
4 4
6 6
14 13
17 15
6 6
14 14
16 16
10 10
7 7
104 105
4 4
9 9
7 7
12 11
4 4
32 29
5 5
63 61
4 4
14 14
320 317
15 15
4 4
16 15
2 2
468 461
4 4
2 2
136 133
41 43
41 41
14 14
490 500
124 120
7 7
43 42
8 8
50 52
14 14
17 17
55 53
212 212
9 9
5 5
2 2
10 10
20 20
139 141
12 12
15 15
4 4
58 61
20 19
6 6
2 2
4 4
12 11
11 11
160 155
3 2
12 11
12 13
27 28
124 129
2 2
3 3
2 2
2 2
109 105
2 2
4 4
12 12
6 6
4 4
2 2
196 203
16 16
2 2
17 17
9 9
3 3
21 21
3 3
146 147
2 2
302 297
17 16
367 388
14 14
2 2
7 7
6 6
384 393
8 8
6 6
92 98
6 6
37 37
33 34
2 2
200 199
4 4
204 211
2 2
15 15
8 8
20 20
4 4
23 24
316 321
15 15
6 6
8 8
62 61
4 4
105 104
24 25
4 4
10 10
6 6
16 15
20 19
9 9
6 6
179 178
4 4
4 4
3 3
116 112
9 7
339 319
40 42
2 2
214 217
24 25
7 7
72 71
224 229
149 155
112 114
12 12
2 2
94 91
38 37
18 18
8 8
6 6
2 2
5 5
469 471
4 4
2 2
8 8
7 7
366 359
20 20
47 49
297 301
4 4
130 137
6 6
3 3
18 18
21 19
84 85
2 2
12 12
18 18
8 8
20 20
229 239
376 382
495 489
117 117
137 139
6 6
4 4
348 353
42 43
73 75
24 25
93 96
166 164
16 16
8 8
4 4
3 3
58 59
12 12
7 7
8 8
4 4
416 404
10 11
275 279
493 492
7 7
28 27
4 4
25 26
402 417
6 6
7 7
4 3
15 15
424 441
240 229
2 2
66 65
484 492
238 244
6 6
16 16
6 6
123 128
4 4
24 25
7 7
2 2
102 104
4 4
140 139
2 2
2 2
24 26
105 107
2 2
6 6
7 7
9 9
12 12
2 2
8 8
216 223
42 44
42 41
4 4
49 47
2 2
401 399
2 2
95 92
8 8
10 10
6 6
20 20
8 8
50 52
18 18
11 11
4 4
4 4
2 2
12 12
4 4
34 32
6 6
2 2
4 4
2 2
82 81
210 211
6 6
10 10
2 2
13 13
56 56
2 2
394 415
351 349
74 75
136 137
10 9
2 2
2 2
46 45
6 6
6 6
74 71
4 4
2 2
9 9
32 33
44 44
3 3
6 6
28 29
2 2
6 6
4 4
4 4
177 180
4 4
8 8
124 127
69 68
15 15
2 2
4 4
8 8
5 5
10 10
2 2
35 36
23 24
8 8
6 6
7 7
228 231
3 3
10 9
155 161
4 4
9 9
6 6
15 15
8 8
44 44
11 10
9 9
130 123
148 148
7 6
2 2
20 20
4 4
3 3
218 225
46 42
107 104
8 8
6 6
186 193
21 20
2 2
2 2
3 3
154 156
193 191
2 2
5 5
340 343
344 353
2 2
16 16
88 88
176 178
2 2
126 123
55 54
8 8
286 292
204 197
22 21
101 90
5 5
7 7
10 10
216 200
7 7
15 15
20 19
400 404
15 15
128 128
10 10
189 194
23 21
2 2
6 6
2 2
8 8
3 3
100 96
389 401
2 2
5 5
364 375
4 4
18 18
20 19
14 14
5 5
2 2
20 20
42 41
2 2
103 105
20 20
262 250
8 8
2 2
4 4
7 7
9 9
10 10
7 7
7 7
4 4
8 8
5 5
4 4
2 2
8 8
48 43
3 3
24 25
20 20
2 2
6 6
4 4
8 8
107 108
10 10
52 53
2 2
10 10
271 262
125 124
13 13
28 28
73 70
14 14
20 20
12 12
15 14
8 8
170 171
6 6
9 9
9 9
127 123
106 109
6 6
116 110
190 197
4 4
8 8
374 353
2 2
2 2
4 4
18 18
15 15
5 5
10 10
9 9
36 35
14 14
54 56
2 2
2 2
19 18
9 9
2 2
55 53
5 5
20 20
10 10
132 127
7 7
468 489
180 178
4 4
32 33
4 4
20 19
24 25
2 2
5 5
66 66
2 2
10 9
215 215
2 2
4 4
20 20
12 12
25 24
2 2
42 41
5 5
12 12
50 47
3 3
2 2
27 28
3 3
2 2
2 2
36 35
2 2
4 4
5 5
4 4
8 8
12 12
9 9
6 6
146 144
484 508
6 6
2 2
292 299
4 4
2 2
3 3
3 3
11 11
54 54
60 61
20 19
2 2
11 10
12 12
34 35
153 157
60 63
12 12
4 4
20 19
4 4
102 104
4 4
237 229
4 4
9 9
140 144
36 37
2 2
10 10
20 20
20 20
184 191
2 2
106 98
47 48
2 2
3 3
124 118
2 2
6 6
136 131
484 484
90 92
8 8
8 8
4 4
4 4
153 161
284 288
277 286
112 113
10 10
46 45
11 11
36 37
7 7
106 105
2 2
355 349
9 9
420 395
9 9
176 170
48 48
10 10
7 7
25 26
22 22
128 123
12 11
197 205
4 3
3 3
4 4
4 4
7 7
8 8
36 35
9 8
3 3
6 5
20 20
2 2
6 6
2 2
8 8
121 122
2 2
13 13
8 8
9 9
13 13
5 5
389 390
27 28
4 4
6 6
20 20
491 494
2 2
4 4
2 2
8 8
183 191
13 12
14 13
2 2
4 3
176 180
16 16
218 226
4 4
3 3
112 113
8 8
6 6
116 119
138 143
5 5
5 5
16 16
4 4
20 19
2 2
20 20
20 20
31 30
10 10
21 21
6 6
104 103
3 3
2 2
4 4
2 2
8 8
12 12
4 4
499 492
20 20
106 105
257 264
2 2
51 49
21 21
4 4
5 5
21 20
2 2
148 151
5 5
61 61
8 8
56 54
2 2
358 363
3 3
12 11
8 8
16 15
105 99
2 2
132 133
9 9
5 5
8 8
10 10
2 2
6 6
13 13
8 8
2 2
4 4
2 2
6 6
264 260
64 65
5 5
20 19
12 12
6 6
2 2
4 4
134 139
8 8
21 21
3 3
17 17
20 20
20 19
9 9
5 5
377 375
2 2
3 3
10 10
80 81
121 119
24 24
4 4
247 242
6 6
2 2
396 404
8 8
328 331
45 44
10 10
4 4
2 2
41 41
328 331
323 339
12 12
30 31
151 152
6 6
69 72
232 229
20 20
2 2
4 4
22 22
306 297
2 2
4 4
18 18
183 188
20 20
95 98
20 20
113 110
20 20
8 8
2 2
453 422
6 6
67 68
20 20
5 5
3 3
3 3
8 8
2 2
7 7
230 226
14 14
155 164
20 19
26 27
42 42
42 43
2 2
200 196
4 4
3 3
4 4
9 9
225 215
7 7
224 229
2 2
3 3
198 214
2 2
140 147
10 10
20 20
275 274
6 6
148 152
2 2
8 8
2 2
2 2
10 10
30 30
166 170
132 137
150 155
4 4
3 3
7 6
346 333
109 104
341 339
211 214
207 206
4 4
3 3
5 5
493 473
4 4
212 218
20 19
9 9
8 8
20 19
12 12
27 28
32 32
2 2
4 4
5 5
20 20
100 98
156 157
16 15
5 5
4 4
16 16
28 29
20 19
3 3
130 127
70 71
7 7
5 5
3 3
4 4
148 143
6 6
96 96
8 8
18 18
10 10
10 9
20 20
3 3
4 4
2 2
3 3
17 18
2 2
6 6
4 4
4 4
4 4
12 12
7 7
280 290
9 9
32 32
184 184
5 5
6 6
110 108
11 11
6 6
4 4
15 15
2 2
3 3
13 13
5 5
7 7
352 357
36 36
113 115
2 2
11 11
2 2
16 15
284 285
8 8
11 11
4 4
4 4
52 53
18 17
198 190
102 99
3 3
41 38
60 58
20 20
13 13
7 7
5 5
2 2
368 335
10 10
120 127
10 10
4 4
2 2
161 167
3 3
4 4
128 128
4 4
6 6
6 6
8 8
416 401
223 217
9 9
8 8
3 3
86 87
2 2
8 8
18 18
253 239
10 9
9 9
10 10
14 14
50 49
10 9
7 7
7 8
13 13
20 20
46 43
12 12
18 18
5 5
20 20
120 123
54 53
26 26
20 20
24 25
6 6
20 20
7 7
20 20
12 12
2 2
10 10
238 246
14 14
139 131
7 7
8 8
4 4
80 77
2 2
130 133
5 5
2 2
67 66
23 24
8 8
4 4
4 4
4 4
294 299
10 10
15 15
114 120
2 2
145 140
484 519
96 92
2 2
240 231
113 115
12 12
7 7
20 20
2 2
4 4
16 16
334 363
4 4
10 9
242 257
11 11
10 10
6 6
16 15
5 5
3 3
8 8
2 2
2 2
4 4
216 214
4 4
6 6
4 4
4 4
28 28
7 7
108 108
6 6
13 13
332 331
20 19
6 6
8 8
18 18
8 8
2 2
3 3
2 2
5 5
168 170
4 4
4 4
4 4
9 9
7 7
211 203
7 7
58 58
5 5
54 54
20 18
6 6
56 55
17 17
2 2
6 6
26 27
207 212
16 16
4 4
2 2
2 2
12 12
2 1
2 2
14 14
12 12
4 4
5 5
20 20
12 12
275 285
2 2
5 5
4 4
187 184
4 4
2 2
6 6
4 4
2 2
4 4
2 2
7 7
145 153
14 14
2 2
8 8
2 2
300 299
2 2
4 4
9 9
126 133
266 264
16 15
4 4
4 4
135 132
20 20
490 486
8 8
3 3
119 118
14 13
12 12
6 6
2 2
12 12
102 103
5 5
4 4
2 2
68 71
6 6
20 19
2 2
105 104
16 16
5 5
4 4
9 10
192 193
4 4
2 2
113 114
12 12
72 73
472 503
132 131
2 2
8 8
12 12
8 8
4 4
16 16
8 8
3 3
6 6
7 7
8 8
8 8
39 38
2 2
92 85
3 3
9 9
368 388
2 2
2 2
2 2
114 110
12 11
234 229
20 20
20 20
8 8
114 122
4 4
3 3
4 4
7 7
2 2
2 2
4 4
4 4
15 15
2 2
106 103
2 2
5 5
191 183
5 5
239 237
276 264
2 2
9 9
295 295
12 12
92 93
6 6
3 3
2 2
4 4
462 500
17 16
2 2
2 2
130 129
8 8
9 9
13 13
408 404
14 14
52 54
9 9
74 75
23 22
8 8
166 153
2 2
82 81
327 353
10 10
4 4
6 6
20 19
13 13
2 2
9 9
132 129
20 18
110 117
2 2
11 11
6 6
4 4
4 4
33 33
14 14
37 36
2 2
3 3
462 451
5 5
102 104
2 2
8 8
3 3
2 2
34 35
8 8
12 12
10 10
136 133
254 266
19 18
12 12
15 15
8 8
116 119
2 2
124 126
5 5
8 8
217 209
3 3
102 104
20 19
2 2
222 217
4 4
344 345
3 3
28 29
4 4
180 173
246 236
6 6
6 6
20 20
2 2
12 12
236 225
5 5
32 32
6 6
2 2
2 2
6 6
5 5
10 10
2 2
8 8
30 30
31 32
63 66
4 4
2 2
2 2
4 4
8 8
141 143
2 2
183 181
2 2
188 188
66 61
230 228
98 93
2 2
9 9
174 187
156 164
5 5
192 184
3 3
6 6
4 4
15 15
2 2
149 157
3 3
3 3
17 17
6 6
184 187
4 4
91 91
5 5
2 2
2 2
2 2
252 239
5 5
17 17
4 4
5 5
2 2
20 20
4 4
122 122
4 4
2 2
288 286
2 2
62 58
18 18
20 20
65 66
2 2
2 2
2 2
14 14
15 15
2 2
3 3
4 4
4 4
128 133
16 16
89 91
20 20
54 53
8 8
4 4
2 2
10 10
92 94
6 6
3 3
2 2
4 4
5 5
8 8
2 2
20 19
20 18
9 9
260 264
224 218
4 4
5 5
2 2
2 2
6 6
330 323
10 10
2 2
316 319
16 16
210 211
10 10
2 2
14 14
4 4
5 5
6 6
120 114
2 2
472 436
10 10
5 5
2 2
6 6
163 171
2 2
28 28
9 9
168 173
13 13
2 2
2 2
2 2
32 32
214 225
16 16
4 4
373 386
22 22
6 6
4 4
6 6
9 8
20 20
20 20
2 2
4 4
25 25
432 427
9 9
8 8
9 9
6 6
9 9
76 80
2 2
2 2
335 333
74 75
14 14
10 10
10 10
3 3
8 8
39 40
6 6
118 120
3 3
140 144
174 163
3 3
4 4
4 4
158 157
6 6
20 20
4 4
64 66
20 20
106 107
7 7
18 17
176 187
8 7
8 8
4 4
2 2
158 161
20 20
2 2
328 314
2 2
2 2
124 123
5 5
20 20
18 18
2 2
10 10
64 64
2 2
2 2
3 3
9 9
24 24
2 2
38 37
134 133
4 4
4 4
429 422
204 206
6 6
6 6
8 8
6 6
12 11
484 466
3 3
4 4
2 2
4 4
9 9
74 74
6 6
2 2
370 380
10 10
2 2
100 99
6 6
4 4
261 254
7 7
2 2
7 7
8 8
182 183
7 7
106 117
133 137
20 19
6 6
6 6
32 33
2 2
226 228
19 19
434 431
2 2
14 13
128 128
6 6
8 8
10 10
245 236
10 10
110 109
166 168
20 20
372 382
4 4
180 171
5 5
20 20
4 4
12 12
3 3
8 8
2 2
2 2
322 337
2 2
2 2
4 4
11 11
8 8
11 11
8 8
7 7
20 17
6 6
4 4
14 14
280 279
38 37
8 8
154 153
2 2
28 27
9 9
6 6
4 4
4 4
8 8
6 6
2 2
7 7
12 12
24 24
8 8
8 8
2 2
40 42
136 140
2 2
16 16
52 54
12 12
3 3
156 155
7 7
68 57
3 3
4 4
4 4
8 8
26 26
2 2
42 43
2 2
2 2
6 6
2 2
12 11
2 2
3 3
20 20
6 6
4 4
90 90
5 5
129 129
20 19
6 6
6 6
12 11
7 7
64 63
12 12
10 10
2 2
6 6
128 126
2 2
218 214
344 347
79 81
108 112
52 52
9 9
2 2
20 19
9 9
23 22
172 168
2 2
2 2
4 4
2 2
12 11
2 2
2 2
5 5
2 2
347 333
8 8
20 20
2 2
6 5
2 2
153 148
187 199
2 2
4 4
4 4
7 7
4 4
6 6
4 4
16 16
4 4
20 20
42 43
8 7
96 96
4 4
20 20
8 8
4 4
3 3
7 7
10 10
3 3
30 31
5 5
6 6
4 4
2 2
32 31
16 16
2 2
20 20
2 2
2 2
16 16
7 7
2 2
330 343
114 117
3 3
74 74
55 55
7 7
2 2
10 10
4 4
9 9
13 13
7 7
369 365
5 5
3 3
2 2
170 168
2 2
6 6
2 2
2 2
2 2
116 117
55 56
113 118
4 4
55 56
6 6
2 2
16 16
6 6
4 4
93 93
34 34
154 152
2 2
49 50
5 5
6 6
6 6
4 4
2 2
384 397
8 8
174 174
4 4
10 10
12 12
20 20
322 306
4 4
5 5
8 8
8 8
78 78
2 2
82 86
22 21
11 11
130 140
2 2
22 20
12 12
8 8
15 15
4 4
196 196
7 7
20 20
20 19
4 4
4 4
8 8
8 8
8 8
42 41
6 6
107 113
2 2
6 6
160 174
4 4
13 13
20 20
22 22
9 9
6 6
5 5
4 4
28 27
2 2
21 20
4 4
2 2
322 323
2 2
5 5
20 20
2 2
47 48
20 18
2 2
2 2
258 257
4 4
118 124
2 2
3 2
7 7
20 20
2 2
16 16
4 4
6 6
2 2
3 3
114 115
222 220
220 217
116 108
10 10
4 4
2 2
6 6
288 288
2 2
135 135
48 46
336 329
2 2
173 171
10 10
2 2
4 4
20 20
52 54
20 20
2 2
492 481
4 4
46 44
104 109
6 5
4 4
14 14
24 24
2 2
128 131
2 2
8 8
16 16
5 5
45 44
9 9
128 131
20 20
12 12
2 2
12 12
10 10
4 4
4 4
14 14
2 2
2 2
48 47
12 12
7 7
23 24
6 6
7 7
2 2
10 10
6 6
340 361
312 304
7 7
336 333
3 3
3 3
3 3
2 2
6 6
5 5
3 3
2 2
2 2
10 10
138 145
3 3
12 12
46 46
2 2
226 234
262 254
6 6
6 6
138 137
2 2
8 8
6 6
16 16
49 49
201 199
2 2
2 2
2 2
8 8
7 7
34 32
10 10
4 4
4 4
6 5
4 4
5 5
20 20
24 25
4 4
4 4
2 2
20 19
10 10
2 2
8 8
20 20
4 4
5 5
4 4
6 6
6 6
54 55
9 9
7 7
232 244
32 33
4 4
26 27
6 6
24 25
2 2
5 5
5 5
3 3
10 10
4 4
5 5
4 4
5 5
20 20
10 9
28 27
4 4
5 5
112 113
3 3
4 4
224 241
2 2
2 2
188 183
4 4
4 4
60 61
250 264
20 20
22 21
6 6
2 2
68 72
220 220
16 16
10 10
172 177
3 3
4 4
434 448
10 10
8 8
8 8
2 2
36 36
3 3
4 4
28 29
6 6
6 6
6 6
28 25
94 93
16 16
6 6
2 2
6 6
356 357
20 20
2 2
2 2
168 174
6 6
2 2
2 2
4 4
2 2
2 2
3 3
160 166
36 37
2 2
2 2
72 70
165 170
6 6
20 19
10 10
188 184
3 3
2 2
2 2
20 20
255 264
263 247
3 3
16 16
8 8
14 14
2 2
184 190
82 84
17 17
60 61
9 9
3 3
2 2
281 259
4 4
15 15
52 53
6 6
176 174
173 183
78 77
32 33
2 2
104 102
5 5
4 4
9 9
17 17
4 4
30 30
2 2
84 80
6 6
7 7
4 4
7 7
131 131
30 31
74 71
2 2
12 12
8 8
20 21
3 3
7 7
5 5
31 32
250 249
18 18
2 2
192 191
74 78
188 190
18 17
4 4
2 2
4 4
6 6
486 463
4 4
76 74
20 19
184 177
134 127
16 16
8 8
2 2
156 161
2 2
6 6
276 293
2 2
2 2
2 2
2 2
5 5
42 41
4 4
2 2
3 3
4 4
64 61
4 4
5 5
2 2
20 20
24 25
217 212
4 4
99 104
2 2
20 19
110 117
20 20
24 22
124 124
320 314
376 393
7 7
276 267
92 94
2 2
158 157
2 2
37 37
18 18
6 6
2 2
5 5
7 7
5 5
5 5
4 4
2 2
2 2
5 5
19 19
12 12
4 4
483 471
304 297
2 2
2 2
2 2
352 357
2 2
2 2
20 20
260 252
20 20
2 2
36 36
9 9
4 4
20 20
2 2
2 2
6 6
6 6
10 10
20 20
180 171
2 2
4 4
3 3
5 5
236 241
6 6
36 36
2 2
94 96
12 12
446 417
15 15
2 2
7 7
2 2
4 4
22 22
126 124
4 4
163 167
171 168
2 2
101 97
6 6
6 6
8 8
77 78
2 2
20 19
8 8
6 6
8 8
7 7
3 3
2 2
10 10
388 371
2 2
56 56
20 20
2 2
4 4
20 20
6 6
40 42
51 48
4 4
9 9
8 8
20 20
4 4
3 3
10 10
4 4
5 5
18 18
2 2
22 22
12 12
4 4
120 122
3 3
5 5
28 29
8 8
20 20
2 2
2 2
20 20
6 6
4 4
8 8
56 54
8 8
2 2
52 53
8 8
2 2
31 28
20 20
5 5
20 20
3 3
20 19
6 6
129 132
4 4
12 12
6 6
2 2
8 8
20 19
154 148
12 12
5 5
2 2
20 19
6 6
4 4
109 110
16 14
3 3
3 3
9 9
2 2
8 8
51 50
20 20
4 4
2 2
20 19
12 12
10 10
2 2
14 13
2 2
290 286
65 63
20 21
2 2
2 2
7 7
20 21
16 16
84 82
3 3
2 2
5 4
184 193
90 90
63 64
75 72
15 15
18 18
42 43
3 3
3 3
2 2
4 4
3 3
36 37
20 20
2 2
326 345
4 4
2 2
24 25
4 4
2 2
145 145
244 239
194 190
12 12
130 133
4 4
6 6
7 7
3 3
10 10
8 8
4 4
2 2
62 62
132 135
18 18
10 10
7 7
12 12
5 6
2 2
2 2
4 4
2 2
73 72
2 2
6 6
8 8
2 2
5 5
2 2
4 4
126 122
96 97
7 7
12 12
20 19
128 132
4 4
15 15
104 104
208 200
20 20
3 3
190 203
12 12
16 16
8 8
2 2
2 2
4 4
2 2
5 4
123 124
114 108
12 12
108 113
4 4
4 4
9 9
2 2
20 19
40 40
214 215
40 41
32 32
3 3
2 2
82 81
9 8
64 65
78 80
20 20
95 98
18 18
6 6
8 8
8 8
28 29
6 6
345 355
7 7
12 12
135 139
5 5
4 4
166 170
2 2
4 4
58 59
2 2
7 7
4 4
2 2
104 100
174 170
146 137
308 319
264 281
2 2
5 5
6 6
22 22
10 10
20 20
308 299
4 4
6 6
2 2
70 66
8 8
2 2
6 6
8 8
8 7
4 4
20 20
4 4
2 2
120 122
21 21
4 4
6 6
2 2
4 4
4 4
15 15
8 8
2 2
434 436
4 4
6 6
2 2
9 9
2 2
20 20
181 183
10 10
20 20
257 255
2 2
9 9
2 2
4 4
42 44
8 8
6 6
20 20
3 3
2 2
4 4
4 4
6 6
4 4
2 2
7 7
4 3
4 4
201 200
5 5
20 20
8 8
2 2
2 2
20 20
14 14
121 123
256 271
114 117
4 4
10 10
8 8
8 8
8 8
2 2
38 36
20 20
9 9
53 55
2 2
268 271
2 2
2 2
2 2
2 2
3 3
2 2
4 4
7 7
38 40
4 4
2 2
2 2
6 6
20 19
4 4
4 4
20 20
32 32
2 2
3 3
12 12
5 4
2 2
2 2
20 20
8 8
4 4
8 9
4 4
4 4
8 8
6 6
4 4
8 8
2 2
3 3
12 12
12 12
4 4
2 2
4 4
20 20
4 4
2 2
22 21
2 2
4 4
2 2
4 4
3 3
8 8
18 19
4 4
2 1
10 10
5 4
60 61
20 19
4 4
9 9
271 286
4 4
2 2
2 2
8 8
2 2
244 247
10 10
16 16
13 13
20 19
36 37
2 2
7 7
23 24
4 4
2 2
222 229
20 19
35 35
8 8
10 10
2 2
5 5
2 2
2 2
4 4
2 2
20 20
2 2
20 20
62 66
172 159
5 5
8 8
2 2
6 6
3 3
404 408
213 209
168 160
4 4
12 12
4 4
48 46
4 4
16 16
76 74
8 8
12 12
14 13
6 6
4 4
2 2
4 4
2 2
35 36
6 6
24 25
112 113
114 110
13 13
6 6
12 11
4 4
2 2
2 2
6 6
2 2
8 8
4 4
9 9
37 38
24 24
4 4
3 3
20 19
16 16
110 108
456 468
28 26
2 2
4 4
4 4
20 20
2 2
378 365
3 3
4 4
2 2
2 2
155 159
6 6
2 2
20 20
16 15
6 6
2 2
8 8
134 135
224 222
364 355
5 5
12 13
230 241
2 2
2 2
104 105
20 18
8 8
3 3
6 6
2 2
4 4
20 20
8 8
2 2
6 6
3 3
148 144
32 33
4 4
237 255
6 6
4 4
2 2
134 131
2 2
8 8
10 10
121 120
56 57
3 3
2 2
4 4
90 90
22 21
2 2
6 6
16 16
18 18
6 6
12 12
5 5
5 5
4 4
18 18
97 91
9 9
6 6
2 2
60 62
2 2
189 190
8 8
2 2
10 10
62 65
7 7
8 8
143 147
20 19
2 2
3 3
176 180
12 12
2 2
3 3
166 177
8 8
59 59
20 20
2 2
4 4
5 5
8 8
2 2
12 12
16 16
192 186
2 2
2 2
99 105
20 20
4 4
4 4
20 19
2 2
5 5
2 2
37 37
2 1
4 4
10 10
20 20
150 149
20 20
3 3
40 42
2 2
20 20
4 4
20 20
8 8
20 21
8 8
69 71
6 6
4 4
20 20
20 19
2 2
20 20
54 50
203 193
10 10
4 4
108 103
2 2
4 4
40 38
4 4
26 26
2 2
159 161
4 4
8 8
36 36
5 5
170 159
4 4
20 20
20 19
2 2
222 223
16 16
20 19
2 2
190 183
4 4
6 6
16 16
20 20
8 8
12 12
10 9
4 4
386 373
20 20
2 2
142 149
139 148
236 244
4 4
32 32
20 20
8 8
2 2
3 3
8 8
4 4
2 2
4 4
117 119
4 4
2 2
32 32
10 10
5 5
16 16
13 13
32 31
2 2
20 19
6 6
2 2
2 2
7 7
3 3
6 6
2 2
4 4
3 3
16 16
10 10
228 226
12 12
4 4
48 50
3 3
92 90
162 160
4 4
4 4
8 8
100 100
20 20
6 6
47 46
22 21
4 4
20 20
5 5
4 4
6 6
365 353
258 271
28 29
6 6
162 166
2 2
74 74
22 21
10 10
3 3
20 20
2 2
28 29
10 10
6 6
198 208
106 114
2 2
20 20
461 479
6 6
191 188
2 2
81 86
12 12
4 4
2 2
3 3
6 6
2 2
70 66
124 131
8 7
236 252
2 2
78 78
4 4
6 5
5 5
122 123
20 20
2 2
60 63
19 19
8 8
14 13
2 2
434 422
4 4
2 2
3 3
2 2
20 20
10 10
16 16
40 42
5 5
4 4
182 184
8 8
2 2
8 8
4 4
2 2
2 2
3 3
2 2
19 18
2 2
14 14
20 19
8 8
8 8
2 2
2 2
4 4
148 159
10 10
2 2
2 2
6 6
3 3
136 135
5 5
2 2
152 155
9 9
6 6
12 11
8 8
4 4
208 215
16 16
11 11
6 6
20 20
6 6
4 4
18 18
5 5
4 4
104 107
20 19
4 4
2 2
20 19
12 12
138 131
2 2
70 71
14 14
190 188
2 2
2 2
16 16
8 8
2 2
5 4
2 2
68 67
2 2
150 149
3 3
6 6
178 184
335 335
16 16
16 16
4 4
9 9
2 2
12 11
2 2
2 2
20 20
5 5
372 373
92 94
147 148
11 11
412 427
4 4
12 12
2 2
4 4
8 8
6 6
2 2
278 288
20 19
373 375
13 13
8 8
3 3
12 12
74 71
6 6
2 2
7 7
66 65
48 49
20 20
22 21
6 6
4 4
232 229
5 5
20 18
8 8
114 113
2 2
102 104
4 4
7 7
4 4
2 2
2 2
30 30
368 375
2 2
3 3
2 2
3 3
4 4
4 4
2 2
16 15
378 365
5 5
5 5
34 34
443 448
8 8
2 2
4 4
2 2
6 6
3 3
20 19
20 20
2 2
139 149
6 6
2 2
8 8
10 10
204 209
2 2
22 22
12 12
6 6
312 304
4 4
4 4
2 2
34 34
4 4
56 56
22 21
20 20
124 123
20 19
20 20
6 6
6 6
394 401
20 19
7 7
252 229
282 279
2 2
3 3
16 16
48 47
9 8
72 73
4 4
218 215
20 19
16 16
282 290
12 12
3 3
52 52
156 166
2 2
2 2
2 2
3 3
20 18
17 17
9 9
28 29
27 27
98 102
7 7
7 7
4 4
142 144
18 17
2 2
14 13
4 4
4 4
2 2
10 10
58 56
20 19
2 2
62 61
122 118
4 4
138 139
4 4
72 73
5 5
2 2
2 2
313 317
216 214
20 20
8 8
2 2
2 2
2 2
202 193
4 4
40 40
2 2
18 18
2 2
2 2
430 439
4 4
44 45
206 215
2 2
20 20
2 2
2 2
4 4
34 33
20 20
4 4
4 4
4 4
17 17
222 225
2 2
16 16
2 2
10 10
5 5
262 249
10 10
2 2
4 4
20 20
2 2
200 199
37 38
2 2
2 2
12 12
308 293
2 2
4 4
6 6
8 8
16 16
41 41
2 2
2 2
88 85
25 26
4 4
2 2
2 2
2 2
14 14
2 2
2 2
4 4
6 6
2 2
4 4
116 112
14 14
2 2
2 2
8 8
2 2
2 2
4 4
4 4
238 239
10 10
12 12
3 3
424 429
4 4
20 20
4 4
180 184
338 339
122 124
80 81
20 20
4 4
2 2
8 8
270 274
2 2
2 2
100 98
16 16
132 118
12 12
2 2
2 2
10 10
8 8
6 6
2 2
2 2
6 6
6 6
453 473
128 131
2 2
7 7
106 107
156 160
5 5
24 25
6 6
5 5
2 2
2 2
468 481
8 8
8 8
36 35
6 6
2 2
408 406
31 31
152 155
2 2
4 4
4 4
68 67
6 6
8 8
2 2
13 12
4 4
20 21
29 30
2 2
4 4
5 5
7 7
20 19
442 424
180 181
4 4
4 4
20 20
6 6
7 7
188 187
2 2
72 75
2 2
20 20
2 2
10 10
289 288
6 6
6 6
8 8
4 4
5 5
34 34
2 2
8 8
28 27
40 41
2 2
76 75
8 8
2 2
4 4
8 9
6 6
2 2
2 2
2 2
20 19
8 8
14 14
2 2
2 2
2 2
4 4
14 14
2 2
2 2
14 14
162 168
6 6
2 2
8 8
2 2
8 8
41 40
52 53
8 8
4 4
2 2
3 3
2 2
2 2
94 88
22 22
20 20
332 341
4 4
30 30
3 3
4 4
4 4
18 18
12 12
2 2
10 10
72 73
8 8
2 2
8 8
8 8
2 2
4 4
4 4
404 393
2 2
104 100
118 115
3 3
5 5
10 10
96 103
4 4
4 4
2 2
12 12
2 2
10 9
28 28
2 2
13 13
20 20
239 244
2 2
4 4
2 2
8 8
2 2
90 86
20 20
2 2
12 12
17 17
324 325
4 4
20 20
4 4
210 199
20 19
2 2
8 8
20 19
184 174
20 19
6 6
4 4
20 20
9 9
2 2
20 20
4 4
2 2
2 2
2 2
209 203
4 4
2 1
20 20
30 29
20 20
2 2
20 20
2 2
2 2
2 2
20 19
4 4
14 14
2 2
3 3
14 14
43 44
12 12
82 82
2 2
31 31
6 6
358 363
44 44
2 2
76 72
214 211
2 2
60 58
2 2
142 144
2 2
4 3
147 149
10 10
2 2
62 62
2 2
28 29
20 20
3 3
4 4
3 3
2 2
2 2
66 64
6 6
3 3
82 79
24 25
2 2
62 63
2 2
4 4
17 17
12 12
10 10
4 4
12 12
120 119
6 6
6 6
37 36
2 2
2 2
2 2
20 20
4 4
2 2
167 161
334 337
2 2
426 393
2 2
8 7
3 3
3 3
2 2
15 15
246 242
4 4
2 2
2 2
10 10
164 181
10 10
20 19
4 4
14 14
151 148
4 4
443 466
202 211
16 16
15 14
6 6
20 19
53 50
19 19
2 2
4 4
220 215
6 6
20 20
3 3
2 2
9 9
48 50
24 24
216 215
92 93
2 2
4 4
2 2
2 2
2 2
3 3
8 8
2 2
246 244
2 2
4 4
4 4
2 2
24 24
2 2
226 236
4 4
2 2
70 70
2 2
2 2
10 9
2 2
50 48
4 4
20 19
20 20
10 10
2 2
4 4
4 4
28 29
4 4
4 4
184 187
256 257
2 2
2 2
2 2
18 18
10 10
4 4
112 112
20 19
3 3
4 4
3 3
20 20
8 8
2 2
8 8
10 10
2 2
8 8
8 8
2 2
39 37
6 6
2 2
5 5
20 18
20 20
5 5
6 6
2 2
260 255
15 15
14 14
90 88
100 99
16 15
8 8
186 175
8 8
8 8
4 4
20 20
4 4
9 9
32 33
149 160
2 2
10 10
2 2
195 186
9 9
2 2
4 4
110 109
2 2
20 20
2 2
2 2
2 2
3 3
20 20
3 3
2 2
4 4
2 2
4 4
2 2
2 2
8 8
26 27
168 161
2 2
34 34
6 6
4 4
12 12
134 137
8 8
76 72
474 466
16 16
2 2
125 127
58 56
12 12
3 3
2 2
15 15
288 281
106 104
4 4
2 2
8 8
126 118
2 2
4 4
356 359
44 46
16 16
52 54
128 127
440 436
10 10
4 4
8 8
66 67
20 19
8 8
12 12
52 53
4 4
4 4
6 6
6 6
196 199
162 160
2 2
24 25
14 14
2 2
172 167
2 2
20 20
50 48
4 4
6 6
2 2
78 81
147 149
16 15
20 20
6 6
10 9
2 2
9 9
176 177
8 8
24 25
20 20
20 18
28 29
128 128
108 108
10 10
20 19
20 19
2 2
4 4
60 62
72 74
2 2
277 279
3 3
12 12
70 72
2 2
9 9
2 2
2 2
328 341
2 2
2 2
204 202
8 8
2 2
3 3
2 2
25 25
51 50
160 151
12 12
2 2
378 390
4 4
2 2
102 104
3 3
36 36
403 404
44 42
56 58
110 119
290 308
4 3
20 19
4 4
2 2
2 2
6 6
8 8
4 4
101 94
438 439
234 231
8 8
12 11
2 2
6 6
9 9
4 4
102 104
8 8
20 20
3 3
2 2
70 70
282 286
2 2
107 108
4 4
23 24
8 8
2 2
2 2
314 292
201 200
2 2
41 42
134 135
4 4
2 2
12 12
2 2
4 4
4 4
2 2
2 2
3 3
8 8
4 4
2 2
18 17
12 11
4 4
3 3
4 4
6 6
8 8
4 4
20 20
4 4
5 5
54 53
453 456
4 4
16 16
2 2
10 10
6 6
2 2
4 4
12 12
20 20
4 4
4 4
8 8
4 4
20 20
2 2
5 5
2 2
2 2
3 3
2 2
44 45
10 10
106 103
216 214
70 71
4 3
4 4
122 123
6 6
5 5
8 8
18 18
10 9
4 4
4 4
4 4
20 20
6 6
12 12
20 20
4 4
2 2
39 38
2 2
30 30
6 6
54 54
76 78
2 2
4 4
20 20
20 20
2 2
62 59
2 2
5 5
46 46
2 2
440 413
136 144
4 4
166 163
10 10
2 2
248 249
4 4
2 2
6 6
4 4
8 8
4 4
394 384
5 5
2 2
2 2
2 2
4 4
8 8
112 113
14 14
32 31
3 3
3 3
219 214
2 2
2 2
3 3
5 5
20 20
144 147
20 20
150 148
2 2
25 26
8 8
8 8
492 497
20 19
8 8
2 2
2 2
35 36
4 4
16 15
146 157
4 4
16 16
2 2
2 2
6 6
28 28
4 4
3 3
14 14
3 3
20 20
2 2
373 363
4 4
2 2
2 2
4 4
12 12
2 2
4 4
9 9
4 4
2 2
4 4
2 2
12 12
6 6
2 2
4 4
29 30
8 8
2 2
5 5
20 20
20 20
4 4
462 453
2 2
8 8
10 10
4 4
20 20
8 8
324 329
12 12
8 8
3 3
410 408
2 2
12 12
24 24
4 4
20 20
6 6
4 4
8 8
8 8
184 174
4 4
48 48
126 126
2 2
458 436
24 25
2 2
2 2
8 7
2 2
20 20
4 4
2 2
6 6
10 10
362 369
254 259
32 32
2 2
3 3
8 8
3 3
249 239
2 2
188 193
66 67
2 2
2 2
2 2
4 4
12 12
12 12
176 170
2 2
36 36
88 87
3 3
196 193
176 174
4 4
6 6
41 43
14 14
8 7
6 6
10 10
2 2
8 8
9 9
444 431
6 6
16 15
4 4
4 4
2 2
47 43
102 103
6 6
2 2
2 2
36 36
2 2
8 8
2 2
3 3
20 20
2 2
2 2
116 114
20 19
20 20
2 2
15 15
2 2
4 4
2 2
2 2
368 341
468 473
2 2
206 214
146 151
3 3
4 4
6 6
2 2
46 48
2 2
2 2
37 38
190 194
4 4
15 14
230 234
4 4
52 54
4 4
226 222
60 59
340 331
2 2
2 2
2 2
2 2
4 3
2 2
4 4
2 2
2 2
26 25
200 211
16 16
150 148
4 4
20 20
3 3
50 49
4 4
214 212
2 2
5 5
9 9
12 11
226 225
20 20
4 4
2 2
4 4
95 97
2 2
2 2
4 4
383 384
2 2
2 2
20 20
2 2
32 32
24 22
6 6
20 20
236 237
2 2
20 19
4 4
2 2
56 58
2 2
6 5
4 4
456 431
2 2
2 2
4 4
9 9
12 12
10 10
4 4
2 2
2 2
4 4
12 12
14 14
144 143
82 81
4 4
30 31
2 2
8 8
2 2
2 2
2 2
56 57
2 2
12 12
4 4
42 44
31 32
20 20
4 4
2 2
6 6
6 6
10 10
492 481
2 2
8 7
9 10
4 4
44 45
2 2
8 8
61 63
2 2
11 11
9 9
2 2
72 70
4 4
2 2
21 21
10 9
237 250
244 252
104 107
8 8
2 2
2 2
2 2
2 2
2 2
6 6
8 8
2 2
36 36
364 363
2 2
2 2
20 19
20 20
4 4
2 2
2 2
34 32
16 16
2 2
2 2
6 5
150 143
21 21
4 4
3 3
10 10
4 4
8 8
320 321
13 13
6 6
4 4
64 64
2 2
2 2
114 117
24 24
18 18
2 2
9 9
20 20
3 3
2 2
6 6
6 6
4 4
12 12
2 2
2 2
2 2
2 2
122 119
432 422
8 8
16 16
10 10
2 2
48 48
2 2
204 200
4 4
4 4
8 8
14 14
14 14
200 206
2 2
2 2
194 188
16 16
24 25
4 4
6 6
16 16
4 4
2 2
7 7
20 20
2 2
5 5
2 2
5 5
330 317
264 281
48 50
16 16
80 75
36 37
8 8
498 505
2 2
258 257
38 36
4 4
346 335
12 11
2 2
14 14
42 43
8 8
10 10
4 4
3 3
20 19
104 102
2 2
304 317
2 2
60 63
160 156
2 2
2 2
4 4
20 20
60 61
2 2
4 4
380 395
72 75
13 13
64 64
220 218
484 466
2 2
8 9
2 2
102 104
30 30
2 2
346 337
2 2
4 4
466 439
70 72
4 4
140 140
2 2
26 25
2 2
88 91
2 2
20 20
20 20
11 11
104 105
6 6
2 2
11 11
2 2
4 4
4 4
2 2
5 5
257 247
6 6
2 2
220 215
204 193
3 3
128 128
2 2
29 29
2 2
2 2
3 3
20 19
180 181
20 20
20 20
4 4
204 208
2 2
20 20
4 4
6 6
32 32
8 8
2 2
150 148
228 250
436 463
166 164
2 2
2 2
2 2
10 10
4 4
19 18
8 8
4 4
2 2
2 2
204 194
46 45
111 115
9 9
34 35
188 180
2 2
2 2
4 4
14 13
20 20
20 20
2 2
20 20
4 4
3 3
3 3
4 4
49 50
2 2
2 2
3 3
26 27
2 2
8 8
2 2
10 10
62 61
35 34
6 6
16 16
2 2
2 2
2 2
8 8
179 186
9 9
2 2
3 3
408 424
23 24
2 2
3 3
2 2
34 33
20 20
20 19
2 2
5 5
2 2
2 2
160 161
24 24
20 20
2 2
2 2
2 2
2 2
4 4
20 19
6 6
12 12
6 6
20 20
4 4
20 19
8 8
112 113
2 2
4 4
3 3
9 9
6 6
13 13
20 19
257 260
20 20
2 2
2 2
20 20
20 19
4 4
4 4
6 6
2 2
28 28
22 21
4 4
4 4
76 72
6 6
34 34
33 32
2 2
6 6
116 115
2 2
2 2
2 2
2 2
20 19
140 143
6 6
2 2
66 66
18 18
6 6
20 19
6 6
10 10
2 2
72 71
2 2
2 2
4 4
11 11
8 8
4 4
2 2
148 147
20 20
20 20
48 47
2 2
112 117
2 2
2 2
132 131
118 113
7 7
10 10
8 8
6 6
16 16
6 6
20 20
80 75
22 21
394 390
4 4
2 2
162 157
45 47
26 25
2 2
4 4
5 4
262 269
15 15
4 4
10 10
110 114
2 2
26 27
4 4
4 4
85 85
4 4
224 229
2 2
10 10
2 2
124 118
98 94
70 71
4 4
2 2
20 20
2 2
2 2
20 20
188 193
10 10
26 27
20 20
20 20
216 206
436 427
2 2
16 16
3 3
20 19
24 24
20 19
6 6
8 8
2 2
4 4
2 2
6 6
106 108
20 18
3 3
6 6
2 2
6 6
14 14
14 14
4 4
2 2
6 6
2 2
110 113
2 2
6 6
337 343
20 20
2 2
398 431
20 20
126 126
2 2
12 12
4 4
20 21
8 8
3 3
32 33
4 4
2 2
190 196
482 486
20 19
2 2
334 323
2 2
4 4
2 2
2 2
20 20
20 20
4 4
2 2
4 4
20 20
2 2
2 2
146 147
2 2
166 170
18 18
4 4
12 12
348 353
4 4
2 2
20 20
8 8
20 20
284 285
2 2
106 103
2 2
4 4
2 2
90 93
17 17
100 104
38 36
6 6
86 91
3 3
3 3
14 14
400 390
376 380
112 107
24 24
9 9
187 194
2 2
3 3
2 2
20 20
93 96
2 2
2 2
106 103
2 2
130 133
12 12
8 8
20 19
4 4
4 4
14 14
22 22
4 4
4 4
8 8
144 147
12 12
3 3
6 6
4 4
68 71
60 62
8 8
4 4
6 5
2 2
2 2
64 64
2 2
10 9
24 25
4 4
362 349
3 3
20 19
2 2
100 96
422 434
4 4
4 4
103 107
9 8
8 8
68 73
30 29
2 2
8 8
6 6
2 2
2 2
2 2
4 4
6 6
5 5
8 8
314 321
2 2
20 20
4 4
2 2
6 6
2 2
2 2
2 2
44 44
12 12
272 281
62 64
16 15
16 16
4 4
2 2
100 99
4 4
20 20
2 2
166 160
20 20
8 8
448 427
2 2
2 2
2 2
3 3
3 3
2 2
4 4
2 2
2 2
2 2
2 2
2 2
2 2
2 2
2 2
8 8
3 3
6 6
16 15
40 41
166 152
20 19
8 8
2 2
2 2
186 191
12 12
4 4
2 2
2 2
124 120
4 4
10 10
42 45
6 6
26 27
22 22
6 6
154 149
44 45
2 2
2 2
232 239
4 4
76 74
74 73
4 4
24 25
4 4
2 2
19 19
4 4
8 8
8 8
218 212
28 28
18 18
24 25
20 19
4 4
2 2
48 47
194 181
2 2
7 7
20 19
4 4
10 10
163 163
6 6
4 4
20 20
60 59
20 20
2 2
2 2
96 93
20 20
2 2
5 5
2 2
431 443
22 21
20 20
2 2
2 2
2 2
236 247
20 20
2 2
277 290
20 20
10 10
6 6
22 22
4 4
4 4
6 6
36 36
2 2
2 2
4 4
20 19
20 21
184 183
12 10
150 152
2 2
2 2
11 11
118 117
6 6
2 2
2 2
2 2
4 4
6 6
2 2
20 19
3 3
174 164
2 2
10 10
20 20
4 4
4 4
4 4
56 53
3 3
12 12
2 2
14 14
2 2
4 4
52 52
420 439
3 3
2 2
2 2
2 2
3 3
2 2
2 2
6 6
20 20
2 2
20 20
44 44
2 2
6 6
32 31
337 347
58 62
4 4
20 20
6 6
2 2
10 10
242 255
3 3
8 8
2 2
2 2
4 4
2 2
20 20
5 5
2 2
196 193
4 4
4 4
8 8
336 337
4 4
4 4
98 107
8 8
2 2
2 2
4 4
2 2
4 4
2 2
20 20
2 2
2 2
2 2
2 2
10 10
2 2
2 2
6 6
2 2
20 20
102 100
6 6
2 2
116 124
112 110
8 8
8 8
2 2
2 2
10 10
55 53
188 197
2 2
3 3
2 2
10 10
8 8
3 3
2 2
2 2
2 2
2 2
10 10
4 4
8 8
6 6
20 18
2 2
20 20
192 194
2 2
2 2
239 239
3 3
4 4
2 2
8 8
2 2
2 2
10 10
20 19
2 2
8 8
6 6
8 8
6 6
48 49
6 6
2 2
20 20
66 65
8 8
3 3
44 45
2 2
54 55
110 114
2 2
2 2
2 2
14 15
4 4
160 166
6 6
122 126
20 20
2 2
2 2
21 21
2 2
252 254
178 184
410 408
2 2
2 2
54 55
2 2
20 18
4 4
33 33
8 8
2 2
417 410
20 19
160 156
2 2
20 19
9 9
6 6
124 119
2 2
16 16
2 2
28 29
8 8
378 382
94 92
4 4
2 2
4 4
4 4
28 29
54 54
20 20
2 2
2 2
234 237
4 4
38 36
50 49
166 173
42 43
2 2
12 12
2 2
138 144
2 2
4 4
102 104
2 2
486 484
136 128
28 28
2 2
17 17
20 20
2 2
2 2
60 62
20 20
4 4
2 2
74 74
2 2
20 19
2 2
4 4
4 3
2 2
2 2
8 8
12 11
2 2
2 2
156 153
52 52
2 2
2 2
371 382
20 19
22 20
17 16
6 6
4 4
192 199
3 3
9 9
4 4
312 327
2 2
10 10
2 2
2 2
2 2
130 126
2 2
2 2
6 6
144 149
20 20
4 4
3 3
20 20
4 4
20 20
2 2
64 63
4 4
2 2
14 14
452 429
20 20
4 4
2 2
2 2
40 40
15 14
232 229
4 4
20 20
2 2
2 2
129 135
468 476
2 2
2 2
20 18
4 4
110 118
4 4
4 4
442 456
354 367
9 9
74 77
10 9
2 2
4 4
2 2
20 20
12 12
2 2
14 12
20 20
312 314
2 2
12 12
10 10
8 8
188 184
10 10
6 7
20 20
4 4
20 20
28 29
10 10
4 4
2 2
12 12
2 2
4 4
412 413
2 2
5 5
2 2
8 8
8 8
4 4
38 37
20 19
20 19
2 2
2 2
4 4
2 2
2 2
100 105
2 2
120 122
260 262
20 20
2 2
20 20
326 341
20 20
2 2
10 10
2 2
8 8
6 6
12 12
20 20
2 2
6 6
16 17
2 2
20 20
206 205
16 16
4 4
170 170
6 6
2 2
4 4
6 6
2 2
40 38
2 2
4 4
10 10
132 135
2 2
2 2
36 37
290 312
32 31
10 10
4 4
12 12
40 41
100 102
480 471
134 132
2 2
2 2
2 2
2 2
3 3
4 4
164 166
20 19
4 4
20 19
16 16
320 312
6 6
2 2
40 40
2 2
2 2
2 2
2 2
7 7
4 4
20 18
8 8
4 4
12 12
485 471
272 281
14 14
92 97
20 20
260 259
4 4
2 2
8 8
112 109
46 47
2 2
2 2
2 2
2 2
2 2
2 2
3 3
8 8
2 2
28 30
3 3
2 2
148 152
2 2
2 2
2 2
6 6
4 4
6 6
416 410
8 8
220 214
8 8
332 339
2 2
6 6
2 2
2 2
4 4
2 2
20 20
4 4
28 29
8 8
20 20
161 166
2 2
414 424
9 9
8 8
110 113
4 4
2 2
2 2
6 6
2 2
2 2
4 4
9 9
270 254
3 3
364 351
4 4
8 8
60 59
2 2
2 2
2 2
2 2
4 4
2 2
10 10
2 2
10 10
8 8
22 22
2 2
20 20
29 30
2 2
2 2
2 2
20 18
20 19
178 184
8 8
3 3
22 21
216 223
28 29
4 4
16 16
6 6
2 2
2 2
9 9
2 2
50 52
2 2
2 2
2 2
2 2
34 33
4 4
20 20
2 2
2 2
4 4
2 2
144 141
116 119
2 2
2 2
6 6
22 22
8 8
2 2
2 2
66 66
436 422
160 174
2 2
4 4
16 16
2 2
6 6
3 3
2 2
2 2
4 4
2 2
32 29
20 19
20 20
20 20
2 2
148 151
8 8
4 4
20 20
4 4
2 2
2 2
146 139
4 4
2 2
14 14
6 6
3 3
2 2
4 4
6 6
4 4
10 10
2 2
6 6
16 16
24 24
64 63
2 2
8 8
2 2
2 2
6 6
88 88
6 6
6 6
2 2
84 87
2 2
4 4
4 4
2 2
146 160
6 6
4 4
2 2
268 246
2 2
2 2
12 12
8 8
4 4
18 18
120 115
20 20
2 2
148 152
2 2
4 4
12 12
72 72
20 19
4 4
2 2
8 8
2 2
10 10
8 8
4 4
258 260
2 2
12 12
2 2
208 206
20 19
2 2
58 58
2 2
170 174
2 2
2 2
2 2
2 2
2 2
20 20
2 2
2 2
2 2
2 2
2 2
20 20
56 57
4 4
12 12
2 2
88 90
12 12
8 8
20 20
20 19
28 28
8 8
92 93
6 6
20 22
2 2
222 228
4 4
2 2
4 4
6 6
494 486
6 6
368 395
2 2
4 4
4 4
14 13
148 149
206 203
20 20
2 2
4 4
90 84
2 2
4 4
2 2
2 2
20 20
8 8
116 112
4 4
4 4
2 2
2 2
24 25
4 4
2 2
132 132
20 20
4 4
4 4
160 160
58 56
220 223
4 4
120 117
2 2
2 2
48 46
8 8
20 19
4 4
2 2
2 2
3 3
128 126
16 16
20 20
2 2
20 20
136 136
2 2
3 3
4 4
4 4
2 2
2 2
3 3
2 2
436 446
2 2
12 12
4 4
2 2
48 46
2 2
136 139
2 2
20 20
116 119
4 4
386 413
394 390
2 2
8 8
66 67
4 4
234 241
2 2
2 2
20 20
2 2
3 3
122 127
2 2
2 2
20 20
6 6
146 149
20 19
2 2
8 8
315 308
6 6
134 139
20 20
16 16
2 2
2 2
4 4
2 2
4 4
20 17
20 20
12 12
38 40
2 2
46 47
12 11
2 2
25 26
20 20
12 12
38 38
92 92
8 8
324 325
2 2
4 4
4 4
2 2
42 42
242 244
2 2
102 98
16 14
12 12
2 2
2 2
384 404
64 66
2 2
2 2
10 10
6 6
2 2
5 5
2 2
4 4
4 4
8 8
4 4
9 9
220 222
12 12
6 6
2 2
4 4
32 32
2 2
8 8
3 3
2 2
12 12
12 12
4 4
8 8
104 104
40 41
2 2
20 19
74 73
2 2
2 2
320 317
18 17
148 147
4 4
282 279
24 25
2 2
460 486
8 8
34 34
66 68
8 8
2 2
36 36
2 2
8 8
10 10
2 2
2 2
20 18
10 10
10 10
2 2
16 15
4 4
20 20
12 11
2 2
110 113
34 34
6 6
214 214
20 20
2 2
4 4
2 2
2 2
2 2
4 4
458 481
4 4
4 4
2 2
6 6
2 2
2 2
8 8
2 2
81 80
2 2
2 2
20 20
4 4
272 264
24 25
2 2
2 2
20 20
4 4
3 3
2 2
2 2
4 4
44 44
152 155
8 8
4 4
250 237
2 2
46 46
6 5
24 25
2 2
32 31
30 31
306 303
20 19
2 2
2 2
20 20
4 4
2 2
2 2
2 2
4 4
96 94
4 4
42 43
6 6
14 14
2 2
6 6
12 12
2 2
4 4
2 2
18 18
14 14
26 27
128 129
2 2
2 2
172 168
96 98
26 26
116 114
2 2
14 14
2 2
8 8
132 123
4 4
20 20
128 129
2 2
8 8
2 2
2 2
4 4
32 31
2 2
20 20
2 2
62 66
3 3
3 3
10 10
2 2
20 20
2 2
6 6
4 4
2 2
104 100
26 25
4 4
4 4
36 37
2 2
2 2
9 9
2 2
6 6
4 4
2 2
20 19
2 2
4 4
2 2
8 8
4 4
24 24
10 10
10 10
50 53
4 4
2 2
2 2
110 117
2 2
28 29
106 112
2 2
362 357
414 415
2 2
2 2
2 2
2 2
62 61
20 20
20 20
130 128
4 4
2 2
2 2
2 2
10 10
10 10
4 4
2 2
152 152
2 2
2 2
2 2
44 45
2 2
6 6
2 2
252 257
2 2
2 2
18 18
242 246
2 2
2 2
2 2
4 4
20 20
2 2
3 3
2 2
20 20
20 19
20 20
32 33
4 4
2 2
4 4
6 6
128 124
6 6
2 2
13 13
2 2
8 8
2 2
2 2
4 4
2 2
156 155
2 2
20 20
4 4
20 20
2 2
20 20
2 2
20 19
20 20
16 16
4 4
144 144
298 303
260 257
24 24
2 2
2 2
8 8
8 8
8 8
20 20
32 31
326 323
20 20
114 112
4 4
20 19
2 2
386 399
8 8
6 6
52 54
8 8
2 2
10 10
4 4
6 6
3 3
4 4
14 14
2 2
2 2
4 4
20 19
20 19
4 4
2 2
20 19
106 107
8 8
2 2
2 2
2 2
20 20
4 3
40 41
4 4
20 20
2 2
2 2
4 4
2 2
2 2
2 2
2 2
160 152
136 141
16 16
2 2
2 2
4 4
2 2
2 2
172 166
2 2
2 2
20 20
320 319
4 4
72 75
2 2
2 2
4 4
4 4
10 10
4 4
14 14
14 14
4 4
128 127
20 20
20 18
48 50
6 6
2 2
4 4
112 112
2 2
152 152
10 9
134 136
2 2
4 4
4 4
6 6
366 365
134 132
2 2
10 9
10 10
2 2
56 55
2 2
2 2
6 6
112 114
78 79
116 117
2 2
110 110
28 28
20 20
132 137
2 2
20 18
2 2
8 8
10 10
2 2
36 35
2 2
78 78
2 2
2 2
2 2
4 4
4 4
21 21
2 2
2 2
4 4
474 456
86 86
8 8
142 145
4 4
84 85
22 22
2 2
12 11
20 19
18 16
4 4
2 2
4 4
2 2
2 2
2 2
2 3
66 67
4 4
2 2
20 20
8 8
12 12
4 4
2 2
4 4
56 57
2 2
20 20
4 4
168 153
20 20
2 2
6 6
2 2
20 20
2 2
10 10
20 19
14 13
2 2
2 2
4 4
194 196
20 19
388 367
2 2
4 4
2 2
44 44
20 19
20 20
2 2
6 6
2 2
2 2
2 2
86 87
218 212
8 8
10 10
140 140
2 2
2 2
8 8
2 2
4 4
106 105
2 2
4 4
118 119
20 20
18 18
480 466
192 208
22 22
2 2
162 164
112 115
52 54
278 279
2 2
32 31
2 1
20 20
58 58
4 4
2 2
2 2
332 335
140 139
2 2
2 2
2 2
20 19
107 113
20 20
2 2
2 2
16 16
30 30
2 2
6 6
2 2
14 14
304 299
2 2
362 353
2 2
6 6
440 451
10 10
10 10
10 10
6 6
152 152
238 234
2 2
4 4
2 2
2 2
2 2
18 18
70 73
2 2
6 6
312 327
424 399
42 43
3 3
4 4
2 2
6 6
8 8
10 10
2 2
126 135
4 4
296 301
42 42
259 257
62 62
2 2
2 2
2 3
162 164
12 11
144 149
20 20
24 24
244 233
42 40
2 2
24 25
62 64
15 15
4 4
2 2
16 16
2 2
24 25
8 8
6 6
21 21
24 25
14 14
220 222
20 20
20 20
2 2
8 8
12 12
36 37
2 2
2 2
4 4
2 2
36 36
2 2
198 196
6 6
2 2
20 20
50 48
2 2
4 4
3 3
4 4
400 380
276 267
20 20
10 10
3 3
2 2
20 19
2 2
184 190
2 2
24 25
2 2
284 295
58 61
2 2
2 2
170 164
20 20
20 20
108 110
20 20
20 20
10 10
114 112
2 2
2 2
2 2
348 355
2 2
2 2
126 131
4 4
8 8
50 49
4 4
2 2
4 4
128 128
2 2
2 2
2 2
2 2
2 2
22 22
6 6
2 2
10 10
2 2
2 2
8 8
48 47
72 74
2 2
2 2
20 19
2 2
20 20
4 4
2 2
12 12
6 6
2 2
26 27
20 20
8 8
4 4
2 2
8 8
4 4
24 24
94 92
14 14
2 2
12 12
2 2
20 20
2 2
2 2
2 2
352 367
4 4
2 2
20 19
4 4
2 2
142 141
2 2
2 2
2 2
8 8
4 4
4 4
14 15
4 4
6 5
160 156
2 2
2 2
20 20
2 2
264 264
4 4
182 181
20 20
2 2
2 2
2 2
10 10
324 316
20 20
232 237
220 225
30 30
272 278
8 8
20 20
2 2
3 3
2 2
10 10
2 2
6 5
8 8
36 36
118 114
2 2
2 2
2 2
12 12
2 2
132 133
2 2
162 159
172 186
56 57
3 4
4 4
2 2
20 20
20 19
2 2
4 4
2 2
276 279
2 2
4 4
6 6
22 22
2 2
4 4
148 149
2 2
8 8
2 2
48 49
26 27
20 20
2 2
4 4
398 393
42 40
2 2
116 114
4 4
8 8
58 57
2 2
4 4
2 2
8 8
52 50
2 2
150 157
150 156
20 20
8 8
48 48
20 20
4 4
6 6
122 122
48 47
2 2
112 118
52 50
23 24
2 2
4 4
2 2
2 2
4 4
4 4
164 156
4 4
2 2
4 4
26 27
2 2
46 47
4 4
4 4
2 2
20 20
2 2
4 4
8 8
2 2
4 4
2 2
20 20
4 4
20 20
4 4
3 3
2 2
2 2
44 43
8 8
2 2
20 20
2 2
2 2
24 25
8 8
2 2
4 4
10 10
4 4
244 249
8 8
76 78
8 8
6 6
20 20
2 2
2 2
8 8
2 2
2 2
174 181
2 2
10 10
2 2
2 2
224 231
8 7
2 2
2 2
20 20
2 2
6 6
2 2
2 2
12 12
8 8
20 20
6 6
20 19
18 18
2 2
4 4
4 4
2 2
6 6
8 8
6 6
2 2
400 388
2 2
44 45
306 293
4 4
118 123
6 6
2 2
4 4
10 10
16 16
2 2
106 108
20 20
4 4
10 10
2 2
20 20
32 31
128 119
20 20
2 2
18 16
374 378
354 343
8 8
2 2
2 2
2 2
2 2
2 2
128 128
24 25
2 2
2 2
